<?xml version="1.0"?>
<opencv_storage>
<C>2.</C>
<gama>8.4089642763137817e-001</gama>
<traing_data type_id="opencv-matrix">
  <rows>225</rows>
  <cols>4</cols>
  <dt>f</dt>
  <data>
    3.04692000e-001 1.25263005e-001 2.48632997e-001 5.61056018e-001
    9.00089964e-002 1.07679002e-001 1.02986999e-001 1.31363004e-001
    1.05668001e-001 6.79190010e-002 5.44280000e-002 8.36120009e-001
    1.35013998e-001 1.78168997e-001 7.45899975e-002 9.40439999e-002
    4.25079986e-002 1.47781000e-001 4.11950015e-002 8.13670009e-002
    8.68619978e-002 1.08883999e-001 3.99800017e-002 7.96810016e-002
    2.49652997e-001 6.95170015e-002 1.85376003e-001 1.16732001e-001
    2.62811989e-001 2.30215997e-001 9.99500006e-002 2.81690001e-001
    6.16520010e-002 3.13006997e-001 5.31350002e-002 2.04312995e-001
    1.23118997e-001 2.98269987e-001 4.49780002e-002 5.34759983e-002
    1.24857999e-001 7.83040002e-002 1.18152998e-001 1.61199998e-002
    1.23457000e-001 1.48068994e-001 5.44280000e-002 6.87022984e-001
    4.34309989e-002 1.40600994e-001 4.16230001e-002 7.18900003e-003
    6.44119978e-002 2.23391995e-001 4.16230001e-002 4.23990004e-002
    1.09204002e-001 1.91510007e-001 3.46359983e-002 1.18410001e-002
    2.80811012e-001 2.02377006e-001 1.38355002e-001 2.47280002e-001
    3.52250010e-001 1.29070997e-001 8.99550021e-002 1.45137995e-001
    6.93480000e-002 3.14859003e-001 5.31350002e-002 1.09157003e-001
    1.36157006e-001 3.37807000e-001 9.66700017e-002 5.04539981e-002
    1.61526993e-001 2.20669001e-001 5.46990000e-002 7.85849988e-002
    5.32619990e-002 7.73959979e-002 4.16230001e-002 8.68800003e-003
    5.32619990e-002 1.06276996e-001 4.16230001e-002 1.18577003e-001
    7.30820000e-002 1.71008006e-001 2.99849994e-002 3.83879989e-002
    2.68256009e-001 1.92661002e-001 1.85376003e-001 7.13720024e-002
    6.57029971e-002 7.66960010e-002 5.31350002e-002 8.21918011e-001
    1.34128004e-001 5.40090017e-002 4.49780002e-002 2.42214993e-001
    1.52566001e-001 1.82611004e-001 1.18152998e-001 5.44460006e-002
    1.50479004e-001 1.01612002e-001 5.44280000e-002 6.91780001e-002
    5.32619990e-002 2.03098997e-001 4.16230001e-002 7.18900003e-003
    9.98890027e-002 1.62051007e-001 9.56429988e-002 2.16508999e-001
    5.98439984e-002 3.12445998e-001 4.94799986e-002 7.60233998e-001
    2.87443012e-001 2.18862996e-001 1.97711006e-001 1.51270002e-001
    3.98671001e-001 2.51865000e-001 6.24670014e-002 9.24210027e-002
    5.99454999e-001 1.45962000e-001 3.66463006e-001 1.79601997e-001
    1.02496696e+000 8.99700001e-002 8.65705013e-001 4.94450003e-001
    9.11360979e-001 5.71400002e-002 8.10211003e-001 2.99842000e-001
    1.06612694e+000 1.53987005e-001 8.76803994e-001 6.13717973e-001
    9.34698999e-001 2.59310007e-002 8.19303989e-001 3.03030014e-001
    9.10239995e-001 8.41519982e-002 7.99112022e-001 3.58305991e-001
    1.02464294e+000 1.06509998e-002 8.86644006e-001 5.94529986e-001
    1.03913605e+000 1.04474999e-001 8.74006987e-001 6.04192019e-001
    9.73451018e-001 9.64500010e-002 8.64198029e-001 2.45248005e-001
    9.22882020e-001 2.63119992e-002 8.28603983e-001 4.87408996e-001
    9.25700009e-001 1.95700000e-003 8.52973998e-001 5.21055996e-001
    9.59792018e-001 1.52820004e-002 8.30527008e-001 3.42611998e-001
    9.98719990e-001 1.33393005e-001 8.75420988e-001 5.48482001e-001
    9.20881987e-001 2.41449997e-002 8.05902004e-001 3.05343986e-001
    9.98736024e-001 1.23026997e-001 8.96708012e-001 1.01096201e+000
    9.86093998e-001 3.07410005e-002 8.37809026e-001 4.11884010e-001
    9.19842005e-001 3.53899994e-003 7.94552028e-001 6.30201995e-001
    9.85154986e-001 6.79090023e-002 8.28603983e-001 3.33115995e-001
    9.98703003e-001 9.25000000e-004 8.27067971e-001 4.54914987e-001
    1.01152396e+000 4.99450006e-002 8.86644006e-001 6.49188995e-001
    9.47502971e-001 2.57680006e-002 8.39954972e-001 4.55965012e-001
    9.60307002e-001 1.24169998e-002 3.98723990e-001 2.45775998e-001
    8.73907983e-001 2.53940001e-002 7.94552028e-001 3.39855999e-001
    9.98703003e-001 1.62408993e-001 8.64198029e-001 6.54663980e-001
    9.98719990e-001 3.63540016e-002 8.75420988e-001 4.31327999e-001
    9.24784005e-001 1.08223997e-001 8.05585027e-001 3.43535006e-001
    9.98736024e-001 1.15346998e-001 8.96708012e-001 8.08241010e-001
    9.98703003e-001 6.23160005e-002 8.74006987e-001 5.53550005e-001
    9.07912016e-001 2.58067012e-001 7.94552028e-001 1.17202306e+000
    9.48813975e-001 6.64210021e-002 8.43506992e-001 3.61741006e-001
    8.87793005e-001 5.20079993e-002 7.99112022e-001 2.11437002e-001
    9.98668015e-001 4.70919982e-002 8.51305008e-001 6.55902982e-001
    9.98751998e-001 1.00746997e-001 8.87902021e-001 5.65110981e-001
    9.09090996e-001 5.58849983e-002 8.05902004e-001 3.40820998e-001
    9.20881987e-001 2.17460003e-002 8.15155029e-001 2.59965003e-001
    1.02464294e+000 2.05241993e-001 8.67178977e-001 7.92393029e-001
    9.20881987e-001 3.83000006e-003 7.79362977e-001 3.02603990e-001
    8.45070004e-001 4.03209999e-002 7.66551018e-001 8.49478006e-001
    8.50800991e-001 2.50950992e-001 8.10810983e-001 5.52146971e-001
    9.60808992e-001 1.33389998e-002 8.93067002e-001 6.01238012e-001
    9.98719990e-001 2.41700001e-002 8.65705013e-001 6.48064971e-001
    1.01167297e+000 2.45960001e-002 9.05923009e-001 4.75060008e-002
    9.98686016e-001 3.10449991e-002 8.34248006e-001 4.69484001e-001
    9.39357996e-001 7.73790032e-002 8.48550022e-001 4.25996989e-001
    1.08834803e+000 3.67669985e-002 9.53984022e-001 1.01727402e+000
    1.18758404e+000 5.31760007e-002 1.02206695e+000 1.48558795e+000
    9.98751998e-001 5.88359982e-002 8.50158989e-001 5.28025985e-001
    9.05458987e-001 2.08369996e-002 7.99059987e-001 5.20722985e-001
    1.06438899e+000 5.82790002e-002 9.40766990e-001 2.91970998e-001
    8.94941986e-001 1.50330001e-002 8.10810983e-001 5.04281998e-001
    1.01137805e+000 5.73950000e-002 9.18484986e-001 1.30152002e-001
    8.27857971e-001 5.98700019e-003 7.40306020e-001 2.27870002e-001
    9.61297989e-001 3.60580012e-002 8.64198029e-001 4.65115994e-001
    1.12840497e+000 7.33089969e-002 9.98852015e-001 1.04859304e+000
    9.98703003e-001 2.74069998e-002 8.54605973e-001 6.13717973e-001
    1.11543500e+000 2.78990008e-002 9.87371027e-001 6.65280998e-001
    1.09187698e+000 3.93199995e-002 9.41447020e-001 2.79440999e-001
    9.98751998e-001 6.68120012e-002 8.87902021e-001 8.86075974e-001
    1.15236902e+000 4.82489988e-002 9.77199018e-001 1.32637894e+000
    9.98719990e-001 1.73579995e-002 8.65705013e-001 5.23770988e-001
    1.02564096e+000 1.10932000e-001 4.17353004e-001 1.33738601e+000
    9.23844993e-001 3.85450013e-002 7.86396980e-001 1.77838996e-001
    9.98767018e-001 5.62530011e-002 8.60786021e-001 6.94006026e-001
    9.60808992e-001 1.11419996e-002 8.52973998e-001 6.38791978e-001
    9.73451018e-001 1.10160001e-002 9.04817998e-001 1.81635007e-001
    8.73907983e-001 3.01248014e-001 7.60043025e-001 3.67107004e-001
    1.19325602e+000 1.36740003e-002 1.05625701e+000 1.46814406e+000
    9.98736024e-001 6.06280006e-002 8.86644006e-001 9.71660018e-001
    9.47502971e-001 6.16980009e-002 8.21309984e-001 5.75460970e-001
    9.46821988e-001 4.42759991e-002 3.90166014e-001 3.82694989e-001
    9.98719990e-001 4.86909002e-001 8.37809026e-001 2.30325997e-001
    9.47502971e-001 7.06099998e-003 8.21309984e-001 1.70592993e-001
    9.98736024e-001 2.25599995e-003 8.76803994e-001 8.68762016e-001
    9.36330020e-001 3.91490012e-002 8.14332008e-001 2.99800009e-001
    9.37880993e-001 1.79430004e-002 8.36048007e-001 6.16366029e-001
    1.04993606e+000 7.68500008e-003 9.10099983e-001 8.73785973e-001
    1.09066999e+000 7.98939988e-002 9.01193976e-001 1.34128004e-001
    8.86391997e-001 5.78782976e-001 3.89896005e-001 7.43034005e-001
    9.98767018e-001 1.60641998e-001 8.79478991e-001 9.84080970e-001
    9.98751998e-001 9.02480036e-002 8.59291017e-001 6.84038997e-001
    1.07186401e+000 1.88979000e-001 9.76692975e-001 3.22580993e-001
